8783
4419
6300
13528
10741
0
0
4823
9856
0
3836
4836
2840
0
0
0
0
6581
4893
9536
3399
0
0
0
0
0
2796
2862
9259
8053
7166
3105
4980
5562
6291
4150
0
4528
6132
3563
7098
1375
6680
0
0
0
11900
0
7956
0
12265
2432
6537
0
0
4703
0
0
2060
1962
4252
1217
5439
5475
0
0
7045
2657
3414
0
0
0
6267
1978
9334
3191
0
3460
3278
0
5939
0
3163
6791
0
3708
0
9751
8540
10652
2795
0
0
2882
0
0
7705
12073
1515
0
3847
9003
4188
5446
6729
976
5857
0
0
7082
4650
2524
10295
5264
0
0
5785
1527
4317
3631
0
0
0
2926
2997
3500
3865
3680
0
3970
0
7055
3677
2344
7061
4495
6201
2971
3947
4166
0
2519
0
2580
2907
0
7910
971
3957
2501
0
0
0
14083
0
5051
0
3820
3438
0
3831
3050
5553
0
0
0
0
0
1979
3621
6061
3152
1065
0
0
7340
5509
0
6256
8404
6794
2781
0
826
5641
0
8776
4030
0
0
4762
0
4070
7342
0
1660
4543
0
0
12425
4559
4399
0
12561
8026
0
0
0
3538
0
0
3875
3958
2609
6050
0
4990
0
8910
2015
0
1293
759
5544
5611
4881
0
0
0
7222
6133
0
5364
2440
2235
0
0
4701
6404
0
7415
0
0
7069
2723
0
5893
0
1672
4489
5945
0
0
0
8094
3943
0
0
4057
5133
0
0
0
4183
5828
15568
4736
9746
3863
1219
3538
4024
6803
7174
5280
0
0
6417
4973
0
4801
1740
5528
0
0
3224
5148
4388
4437
5296
0
4791
5375
3554
0
3639
4917
4929
4156
3995
2369
3490
0
0
0
3089
2794
6827
3895
0
7051
0
6253
0
3354
0
2651
1519
5735
0
0
0
3665
2542
0
5084
1902
6417
10042
0
11759
0
2616
0
2535
3281
3210
4199
0
7070
0
4296
6233
8108
0
1912
10665
4391
1962
8044
2324
5824
4740
6469
3769
7632
3296
0
2280
3473
3891
10585
6530
0
6982
5405
4570
2089
3410
0
0
0
4177
8091
3326
2850
0
4765
0
0
1662
0
0
0
4576
10228
0
0
3984
0
3879
3537
3670
0
0
10129
0
0
2069
0
6575
1969
2387
7348
13680
0
5618
6488
0
1604
0
3098
3151
8782
3242
7868
0
3270
2374
0
0
4422
8538
14775
3464
2337
11441
4442
0
5441
8639
0
9462
0
4793
13515
3276
5430
3743
1727
4898
0
2098
5141
0
8035
0
0
4092
4528
0
1713
0
4073
3662
5768
6499
7752
3198
0
3646
5961
1854
3913
2760
0
4959
0
0
6668
10131
0
6312
0
0
5722
0
6417
3938
5282
1621
2935
3130
4088
0
4048
4959
5727
0
1720
0
3160
4758
0
0
3824
1836
0
11066
0
7159
0
0
7378
0
3522
2459
9644
0
7733
2082
3860
4143
8361
4005
873
3881
0
5499
0
0
3974
4955
4882
7395
5159
0
2436
0
2250
7164
7251
0
0
0
2198
4492
2206
9202
5835
0
2323
3392
0
5310
7288
5376
0
7697
3347
0
1598
4652
2652
0
0
1174
10468
2554
1928
5464
6675
4052
0
8882
0
2517
9922
4792
5373
4037
11084
4965
5637
0
0
0
4409
1281
2705
7662
0
0
2159
0
7322
0
0
1459
0
1061
4226
0
0
0
0
4876
6797
0
0
4510
0
13082
8263
4219
6243
6885
0
6347
5491
11800
0
6261
7281
0
0
3480
4263
0
3782
2244
0
7966
0
4874
0
8553
960
1952
0
0
3391
0
3092
2060
1912
8490
0
0
0
5449
7829
2496
0
2924
3797
3553
3898
0
0
3514
0
11574
0
0
6458
0
4130
0
0
9006
0
10711
1372
0
5488
3136
4513
0
9143
3625
5446
0
7186
0
3991
653
3330
9871
7369
0
0
5660
0
3123
2804
5042
2214
0
3731
0
0
9850
7658
0
7251
0
1580
4186
0
0
0
1498
0
0
0
7997
3323
3287
3235
7864
5764
0
2479
8787
0
7811
0
7025
0
0
4233
5464
0
7657
5481
0
3702
4386
11257
5020
4891
0
4292
1793
5216
8049
7626
2668
3752
4749
15018
3569
6637
1946
7596
0
2893
4196
7924
0
0
12063
0
2877
0
4915
7178
3600
4460
0
5801
7039
8246
2449
3268
14511
0
4802
3842
0
0
5539
8303
0
0
1598
0
0
8787
3890
2014
3444
2941
3125
2393
2255
3733
9054
2153
9197
3922
5722
4872
6961
1757
5435
8349
1086
5435
8433
0
3394
2788
0
0
2257
0
7907
0
0
12138
10607
0
0
6985
0
4387
4540
0
0
0
4229
0
6624
5074
0
1123
3922
0
7115
10985
2981
0
879
3547
7463
3291
3471
0
4578
3497
6874
2723
1460
14854
6904
8376
3714
3809
3576
0
3147
0
0
7177
5218
1977
0
0
2238
2212
4867
2259
0
3058
4689
3720
0
7167
5941
2090
13332
3379
0
8038
3922
7526
8909
2875
4706
1150
13087
10009
6971
8582
0
9182
0
6660
0
6076
3688
0
9785
2298
6251
0
9287
3786
5406
6710
4284
10703
0
0
0
0
10060
3286
6131
0
0
3516
3949
7783
4322
0
0
4488
0
10194
0
3774
9664
1589
4125
1302
5873
0
2050
12854
3427
0
0
0
0
3753
3662
0
10073
0
0
5813
6341
2513
3269
7900
0
0
5379
0
0
0
2640
0
2820
1714
6659
3002
0
2155
7301
12291
2405
4417
2799
0
0
1340
6174
11319
4583
0
2424
0
0
3379
0
0
5465
0
0
4132
4687
2077
3380
3335
6840
0
3466
2687
0
5236
2155
0
0
5271
3761
0
0
