0
6869
0
9644
9278
5520
4908
9583
0
0
2895
5019
0
10686
11475
5609
0
0
0
14090
7651
0
0
3132
11777
3155
7321
6482
0
0
0
0
17170
3316
2977
0
6469
15220
0
8204
11062
0
4628
8282
9474
14138
0
17083
3807
4593
0
8810
5528
4023
9097
0
3736
14286
2710
9322
0
8359
1738
0
11936
6054
9644
4582
10786
17771
0
6505
9005
0
2851
9804
15789
0
0
15824
5567
11730
14140
5156
5625
12009
3317
0
6704
4901
10278
12989
12276
0
8246
17153
2924
5715
0
15214
6767
8012
8650
7942
0
14224
5288
5202
4442
0
11546
20706
0
3049
0
8550
0
3971
0
11780
0
4150
0
6461
5367
11596
0
0
15368
6120
2712
0
13270
5775
9631
0
0
0
6519
0
13954
15551
4896
8030
12831
0
12523
0
4501
2186
4766
6913
16426
0
5390
5798
4884
9664
0
12405
6810
2495
5822
15607
3682
7182
11255
4298
4833
1917
0
3348
9142
9549
7271
0
0
0
0
4246
14881
0
3907
0
0
12907
8492
5815
0
0
0
4182
0
1279
0
14143
2226
5918
0
6221
0
0
0
0
5390
4812
2767
5182
15467
7267
3655
7200
12062
0
0
0
20169
0
0
7585
7866
15364
4319
1593
7678
12174
9757
10150
10198
6297
7551
10024
0
4473
7623
4812
5078
6874
4963
5476
0
15239
0
5079
11187
14017
0
0
8897
6519
0
7861
7476
13026
0
23610
5037
5469
8112
0
7462
6410
4313
0
0
0
8195
8491
8687
21493
0
9568
8635
0
6299
6887
5404
0
8659
13641
2025
10379
4050
0
12217
16685
4348
8520
3357
0
0
0
0
4994
9775
8791
7901
0
4992
7638
8995
6369
18411
17502
0
0
0
6307
5723
4614
0
3602
2821
3285
4639
6462
12026
0
5970
3293
6813
4665
1950
0
5437
0
0
5732
0
18832
0
5671
0
8509
0
8562
5999
0
0
4739
4267
0
3923
5651
0
0
4209
0
12823
0
4503
14022
11070
1804
8141
6605
7819
16243
0
0
11904
15223
0
10421
9023
0
5423
9700
4111
4263
19178
13266
9614
5433
15377
14345
17556
5890
0
5476
6970
0
14446
0
3645
0
14680
9743
7901
3103
4439
7259
9006
8738
9842
0
5862
3174
5616
6404
4696
2075
0
5466
0
6924
5014
0
19390
4072
4342
11289
0
10270
3979
0
6433
8462
14338
0
0
0
8376
0
10055
0
5744
15241
0
0
0
5283
5661
0
4842
0
6109
3290
0
5563
4913
8028
4996
0
0
0
15319
2726
0
8056
3041
4656
4768
0
4121
9315
5334
9374
12009
0
0
6266
16935
4249
6904
23042
8846
0
0
5403
6561
0
0
7373
19060
3946
0
0
0
0
10037
2130
7430
0
17241
12241
6244
0
2676
0
10841
10395
0
21307
0
4332
12178
0
5031
18477
6478
4319
11824
15247
11878
4497
15047
0
10318
0
3608
7303
0
0
3521
19128
5245
1690
0
0
12815
3024
0
13072
0
3846
15324
4403
13074
5612
8547
0
0
14503
22135
5791
0
5611
0
5728
13647
4136
6051
4986
6581
7069
11589
0
2124
8843
12188
9962
0
5522
3691
0
0
2862
11449
12504
21565
8522
8955
3752
4055
17619
12404
6348
7285
8508
8712
3044
4500
0
11760
1741
6044
0
0
0
5700
6908
6393
3433
9286
5351
0
6205
5830
0
5904
0
7359
2997
7139
0
0
11058
0
7176
9930
21027
10787
8547
0
0
4668
11799
3546
4474
10180
0
9002
0
0
7972
12728
2564
7237
4175
5477
0
0
28471
11537
0
1840
0
0
7324
7794
7738
2171
11748
11347
4664
6697
6545
5633
0
0
4936
10406
16991
0
4756
0
5185
7013
5155
22198
5927
0
6318
17370
0
12459
5593
1946
0
3438
6217
0
5329
0
0
2724
4575
0
0
0
14457
5665
0
9705
8300
13197
0
0
3179
10093
6040
2037
0
10659
5605
0
0
0
12929
3625
12008
10120
0
6898
0
12808
1857
5860
8829
9196
5031
0
7008
8420
13864
0
4354
4376
6497
0
0
18713
0
7583
0
12447
0
0
2912
3004
8463
9119
12729
0
7142
4767
0
17321
0
7737
6884
12388
0
9355
0
0
6431
0
0
0
0
6041
4426
7518
0
10237
0
12859
0
0
7773
8041
7573
5642
0
9291
0
0
3437
0
0
17821
3251
7077
7104
5180
0
0
0
0
1701
3841
11020
6831
0
0
4171
0
5329
1411
11274
17461
0
9036
0
7820
22904
7636
0
0
0
0
0
10781
6263
7344
0
10029
6580
0
6407
11032
0
7487
0
6812
5002
7974
13346
8885
4538
0
13359
6325
8132
12605
0
15057
17064
20516
5746
0
2485
1434
8595
8360
0
0
5249
0
0
0
8235
7920
4552
6614
10977
2990
7997
10307
9542
2917
3570
0
0
10701
8559
4007
2479
0
14331
0
10359
8740
3388
6784
6043
0
20917
4102
12275
0
4982
0
0
4218
0
9322
8033
7743
0
0
0
0
6722
8557
0
2931
4071
0
0
0
6740
5722
6368
12180
0
5648
0
5538
0
5093
10286
0
0
0
4539
6981
0
0
4202
19424
0
4296
5089
4102
6724
0
0
5345
0
10700
0
9334
0
16697
10589
7995
13314
7910
7028
5740
0
4831
0
10605
7559
2133
6503
17890
0
13180
0
13925
11021
0
4444
0
5383
0
15141
9535
13872
4447
0
12896
0
4093
0
6552
4790
18552
0
0
10960
12204
6314
0
0
3261
0
13831
0
5353
0
4552
3431
8803
0
0
0
10434
7763
15162
12451
11982
5867
5125
8900
2267
9065
5187
17162
9133
13384
13676
12280
0
6876
7100
5538
9605
6527
14737
4449
7438
6191
3878
13873
0
